Period: 2040Jun through 2040Sep
Latitude bounds: (38.93775, 39.00025)
Longitude bounds: (-107.00025, -106.93775)

Rows: [122] time
Cols: [2] projection
